SIU,59.696969697,61.9393939394,41.803030303,69.5575757576,32.2666666667,46.0484848485,1.01060606061,19.6484848485,2.18181818182,18.3636363636,8.33333333333,27.8181818182,6.69696969697,8.30303030303,62.9090909091,0.947575757576,0.961212121212
PRIN,68.724137931,66.2068965517,46.3310344828,71.1965517241,37.2827586207,54.9172413793,1.16689655172,18.0931034483,3.0,18.7931034483,5.0,27.8275862069,5.55172413793,12.9655172414,65.8965517241,1.04448275862,0.97724137931
SIE,69.8064516129,73.8387096774,43.3193548387,71.9161290323,33.9709677419,47.7709677419,1.04709677419,17.7322580645,3.58064516129,20.6774193548,10.7741935484,29.2258064516,7.51612903226,13.2580645161,68.4516129032,1.02161290323,1.07225806452
CLEM,62.3666666667,61.7,41.0233333333,67.4266666667,29.59,46.08,0.991,18.02,4.73333333333,16.0666666667,10.5666666667,33.3333333333,5.36666666667,10.5666666667,64.1,0.976333333333,0.956
NDST,64.8666666667,61.9666666667,43.44,69.3666666667,37.8866666667,50.1666666667,1.075,15.1633333333,3.66666666667,15.0333333333,7.4,30.8333333333,4.9,9.83333333333,63.1666666667,1.03366666667,0.909
PITT,65.96875,65.28125,44.6,69.10625,33.709375,48.871875,1.0428125,14.59375,2.8125,16.9375,10.0625,29.6875,4.9375,16.25,61.875,1.0578125,0.97125
DRKE,59.4838709677,66.7741935484,45.6129032258,78.7129032258,38.8193548387,52.8387096774,1.13451612903,20.7967741935,1.93548387097,15.6451612903,4.96774193548,23.3870967742,4.45161290323,11.935483871,60.0322580645,0.992580645161,1.07483870968
TAM,67.4666666667,62.1,45.0966666667,66.8433333333,35.0033333333,50.3,1.06366666667,18.2233333333,2.96666666667,18.1,9.53333333333,32.4666666667,5.66666666667,14.7,66.1333333333,1.02233333333,0.944
UAB,69.2333333333,69.0,42.8633333333,74.06,33.43,47.6733333333,1.04566666667,19.52,5.2,17.9333333333,10.4333333333,33.0333333333,6.9,14.2,69.5666666667,0.997333333333,0.945333333333
MSST,61.5806451613,63.1612903226,42.9709677419,69.9096774194,30.7161290323,47.4225806452,1.04129032258,22.0483870968,2.77419354839,18.7741935484,8.74193548387,31.3870967742,6.35483870968,8.51612903226,65.1612903226,0.946774193548,0.945483870968
NCAT,59.03125,65.84375,39.946875,68.325,27.69375,44.70625,0.9803125,22.771875,3.9375,18.53125,9.8125,29.71875,5.3125,9.34375,65.71875,0.9025,0.96625
GW,67.2903225806,61.2580645161,44.5387096774,66.8193548387,34.5677419355,49.664516129,1.06451612903,18.9096774194,4.03225806452,15.4838709677,10.8387096774,33.9677419355,5.51612903226,11.7419354839,64.7419354839,1.03903225806,0.948387096774
DREX,59.5666666667,64.3333333333,39.5366666667,73.8766666667,32.6033333333,45.2433333333,0.991666666667,16.0566666667,3.66666666667,17.4333333333,7.96666666667,28.7666666667,5.13333333333,10.5666666667,62.7,0.956,0.980666666667
GU,71.3448275862,64.9655172414,46.0068965517,69.1413793103,34.8827586207,51.5448275862,1.10689655172,18.8482758621,5.06896551724,20.1379310345,10.0344827586,33.0689655172,7.62068965517,13.275862069,67.3793103448,1.06,0.956551724138
GT,62.8387096774,64.1290322581,40.8709677419,63.7709677419,27.1612903226,44.4677419355,0.947419354839,18.9064516129,3.51612903226,16.7096774194,12.0967741935,34.9677419355,5.70967741935,11.6774193548,67.0,0.936451612903,0.963225806452
GS,70.0689655172,61.5172413793,42.3551724138,66.5379310345,32.5965517241,49.0896551724,1.04310344828,17.5793103448,3.13793103448,17.1379310345,10.9310344828,33.6896551724,7.55172413793,12.0344827586,68.1379310345,1.02827586207,0.843448275862
FIU,62.3225806452,65.0322580645,44.5580645161,62.8387096774,29.4677419355,48.8516129032,1.03387096774,21.9709677419,4.58064516129,18.6451612903,7.67741935484,30.935483871,6.83870967742,11.2258064516,67.7096774194,0.925806451613,0.916129032258
BYU,84.1612903226,72.2258064516,46.9387096774,77.0677419355,37.7580645161,54.164516129,1.17677419355,15.9129032258,2.93548387097,20.1612903226,10.1290322581,35.1935483871,7.70967741935,17.1290322581,73.4516129032,1.14870967742,0.937741935484
UAPB,59.8125,66.875,40.109375,66.984375,32.715625,46.33125,0.998125,22.390625,3.375,19.4375,8.3125,25.375,8.84375,10.09375,66.46875,0.900625,1.0071875
EVAN,69.2903225806,64.6129032258,47.4677419355,74.235483871,34.2516129032,51.5225806452,1.12290322581,18.6225806452,3.67741935484,17.2580645161,6.45161290323,28.5161290323,5.61290322581,15.5483870968,67.4838709677,1.02258064516,0.940967741935
GB,69.4193548387,60.7419354839,46.8290322581,64.2870967742,30.2612903226,50.8516129032,1.06967741935,17.4,5.09677419355,18.3548387097,9.8064516129,32.2903225806,7.45161290323,14.1612903226,66.7741935484,1.03967741935,0.866129032258
BGSU,65.9655172414,61.4482758621,42.8724137931,69.5034482759,33.0103448276,48.9034482759,1.04482758621,17.5965517241,3.86206896552,16.8275862069,9.24137931034,32.0344827586,6.93103448276,12.0689655172,65.7586206897,1.00793103448,0.895172413793
MAR,60.9393939394,68.7272727273,39.9878787879,68.9303030303,31.5848484848,46.9,1.01787878788,19.8121212121,2.81818181818,18.0,6.18181818182,26.7575757576,6.93939393939,10.5757575758,67.5151515152,0.907575757576,1.02363636364
LAF,74.4838709677,72.6774193548,48.5516129032,75.2774193548,40.3387096774,55.8838709677,1.17870967742,15.7612903226,2.58064516129,15.935483871,7.70967741935,28.8064516129,5.64516129032,15.7419354839,65.9677419355,1.13129032258,1.06290322581
RICH,65.3225806452,60.1612903226,45.4709677419,69.7258064516,33.3322580645,52.0483870968,1.09580645161,15.2032258065,3.12903225806,16.9677419355,6.1935483871,26.8387096774,7.09677419355,13.4516129032,63.1612903226,1.03838709677,0.941935483871
RICE,63.2,66.1,42.07,75.2433333333,36.4966666667,51.1766666667,1.09666666667,21.4466666667,2.16666666667,18.4333333333,6.9,27.4,5.73333333333,12.6333333333,64.8666666667,0.974333333333,0.920333333333
LAS,62.7096774194,61.9032258065,41.9129032258,68.3709677419,30.9903225806,46.5,1.00709677419,19.2032258065,3.61290322581,17.7096774194,8.51612903226,30.2903225806,6.48387096774,11.8709677419,66.7741935484,0.94064516129,0.937741935484
UCLA,71.4193548387,67.9032258065,43.5612903226,65.4161290323,35.0,48.7612903226,1.03838709677,16.7451612903,3.8064516129,17.7419354839,10.7096774194,35.3225806452,6.74193548387,13.9032258065,69.7419354839,1.0235483871,0.986451612903
ILST,68.696969697,62.5454545455,44.0484848485,70.8181818182,34.7121212121,49.7090909091,1.06545454545,18.896969697,4.30303030303,19.1515151515,10.6060606061,32.1212121212,7.27272727273,11.7272727273,67.0303030303,1.02909090909,0.926060606061
CMU,78.0,67.0,46.7103448276,71.7724137931,37.3586206897,56.1413793103,1.18482758621,15.0344827586,2.51724137931,17.4137931034,8.68965517241,30.8275862069,7.13793103448,14.1034482759,67.724137931,1.15379310345,0.908965517241
TSU,57.8387096774,68.0967741935,39.4677419355,60.8709677419,34.8193548387,44.9612903226,0.963225806452,21.0548387097,3.48387096774,20.2580645161,8.09677419355,30.3225806452,5.38709677419,9.48387096774,65.7419354839,0.875161290323,0.982580645161
UVU,59.2413793103,64.4137931034,40.3206896552,69.5310344828,30.0379310345,45.7586206897,0.986551724138,19.5034482759,2.37931034483,17.1724137931,8.41379310345,30.2068965517,4.51724137931,13.1379310345,63.8275862069,0.929655172414,0.966206896552
TTU,61.1612903226,64.3225806452,40.3903225806,63.5677419355,31.5387096774,45.6225806452,0.98935483871,20.3612903226,4.09677419355,17.3870967742,10.1935483871,30.6774193548,5.87096774194,11.0967741935,64.6774193548,0.941290322581,0.992580645161
LSU,73.8064516129,67.5483870968,45.9709677419,70.2419354839,34.1290322581,50.8709677419,1.08064516129,19.6419354839,6.12903225806,15.4838709677,10.1612903226,35.7741935484,7.41935483871,15.8387096774,73.064516129,1.01483870968,0.931935483871
UVM,66.1612903226,57.9032258065,47.2096774194,70.3548387097,35.9709677419,52.6193548387,1.12129032258,19.1870967742,5.1935483871,19.064516129,7.03225806452,30.4193548387,6.54838709677,13.064516129,65.0967741935,1.02129032258,0.869032258065
UVA,65.5333333333,50.3,46.5566666667,71.7366666667,36.4766666667,51.55,1.095,15.2033333333,4.36666666667,14.0333333333,9.43333333333,33.6333333333,5.53333333333,13.1,59.7666666667,1.09733333333,0.834
SVST,56.8709677419,66.4516129032,41.464516129,54.9129032258,26.4032258065,44.7419354839,0.935806451613,23.4774193548,2.51612903226,19.8387096774,8.41935483871,26.7741935484,8.87096774194,9.25806451613,68.9032258065,0.826451612903,0.934838709677
HAMP,62.3793103448,68.1724137931,40.7206896552,62.3827586207,29.1931034483,45.4793103448,0.977931034483,20.5275862069,4.44827586207,21.2068965517,10.1724137931,33.5517241379,6.10344827586,10.1379310345,67.1379310345,0.924827586207,0.975172413793
UMKC,65.5161290323,66.8387096774,40.8032258065,69.6,32.8612903226,46.8903225806,1.02064516129,19.4387096774,3.35483870968,19.0322580645,9.35483870968,28.3870967742,8.16129032258,11.5161290323,68.2903225806,0.961612903226,0.946451612903
VAND,69.9677419355,63.4193548387,47.4129032258,69.3838709677,39.6612903226,54.5419354839,1.15741935484,19.1709677419,4.96774193548,17.1935483871,8.45161290323,31.1935483871,4.87096774194,15.2580645161,64.8709677419,1.0835483871,0.947419354839
BUCK,68.8484848485,68.8787878788,44.303030303,69.5606060606,38.5515151515,50.6151515152,1.08575757576,16.5515151515,2.84848484848,18.5151515152,8.57575757576,30.8787878788,4.15151515152,13.0606060606,65.7575757576,1.04818181818,1.01636363636
ORE,76.0322580645,70.1935483871,45.9129032258,75.7161290323,36.6193548387,51.9677419355,1.10870967742,16.5612903226,4.54838709677,18.1935483871,9.45161290323,34.064516129,5.67741935484,14.7741935484,71.0,1.07290322581,0.965483870968
TENN,62.8666666667,63.8,42.9966666667,68.55,32.76,48.7566666667,1.03533333333,19.1966666667,3.53333333333,19.2333333333,10.2666666667,28.9,7.7,11.0,62.5666666667,1.00666666667,1.01966666667
NDAK,67.7333333333,73.3666666667,43.74,67.8333333333,32.8566666667,49.2,1.05066666667,17.4266666667,3.13333333333,21.3333333333,6.86666666667,28.3666666667,6.3,11.7666666667,69.9,0.968333333333,1.00366666667
LBSU,66.7096774194,67.064516129,42.6709677419,69.5129032258,34.0322580645,49.1129032258,1.04451612903,19.1161290323,2.51612903226,19.1290322581,9.12903225806,30.5161290323,6.67741935484,11.2580645161,68.2258064516,0.981290322581,0.937096774194
IND,77.9677419355,71.8064516129,47.5774193548,70.6580645161,41.0064516129,55.7483870968,1.16580645161,16.3419354839,3.0,17.3870967742,9.64516129032,32.7741935484,5.0,14.0322580645,69.0322580645,1.13161290323,1.0464516129
AKR,68.9032258065,64.0967741935,42.0290322581,64.0258064516,34.9838709677,50.1580645161,1.04741935484,17.6741935484,4.41935483871,18.5806451613,10.1935483871,31.8709677419,7.03225806452,12.7096774194,67.7741935484,1.01870967742,0.934838709677
SMU,69.5333333333,59.8,48.6166666667,70.1166666667,36.2166666667,52.8566666667,1.12866666667,19.53,4.36666666667,16.4666666667,9.96666666667,33.6,6.96666666667,15.7333333333,64.5,1.08066666667,0.897333333333
UTAH,72.1,56.6333333333,48.7766666667,70.0966666667,40.93,56.3333333333,1.18066666667,17.4166666667,5.1,16.7666666667,7.93333333333,32.1666666667,6.0,14.3666666667,64.1666666667,1.121,0.854666666667
POLY,60.962962963,59.2962962963,39.1074074074,68.7481481481,30.8037037037,44.3814814815,0.961851851852,13.7296296296,3.14814814815,16.0740740741,10.1481481481,31.6666666667,5.33333333333,10.3333333333,62.0,0.985925925926,0.927037037037
COST,73.0322580645,63.8709677419,44.7322580645,68.0096774194,34.4451612903,51.3161290323,1.09225806452,15.7483870968,3.16129032258,17.2580645161,10.4516129032,34.7741935484,5.70967741935,14.935483871,67.1612903226,1.08967741935,0.925483870968
EKU,71.9,63.0,46.5333333333,76.9533333333,34.4933333333,54.65,1.16933333333,17.0766666667,2.9,17.2666666667,6.06666666667,24.6333333333,9.7,14.5666666667,67.2333333333,1.071,0.906333333333
SMC,69.2333333333,63.6333333333,46.12,72.5666666667,36.5033333333,53.1833333333,1.128,18.56,2.26666666667,17.5,9.7,34.2,5.03333333333,15.2333333333,63.8666666667,1.086,0.96
BSU,65.0344827586,68.3448275862,42.1482758621,69.1517241379,34.2724137931,49.5655172414,1.05793103448,21.0448275862,2.37931034483,19.0,8.72413793103,29.724137931,5.27586206897,12.7586206897,66.8620689655,0.971379310345,0.996551724138
JSU,60.8064516129,63.5483870968,38.964516129,63.8129032258,27.0096774194,43.2032258065,0.933548387097,20.5612903226,2.58064516129,21.7741935484,11.6451612903,32.6451612903,6.41935483871,10.0,67.7096774194,0.902258064516,0.948709677419
BONA,67.3793103448,64.8620689655,42.2137931034,69.9517241379,29.224137931,46.7379310345,1.0124137931,17.724137931,4.75862068966,17.2068965517,10.4137931034,33.4482758621,6.75862068966,12.4137931034,67.724137931,0.989655172414,0.96724137931
AUB,66.0322580645,72.0967741935,41.0290322581,65.9451612903,35.5290322581,47.8774193548,1.0335483871,18.4064516129,2.22580645161,18.935483871,7.61290322581,25.9032258065,6.8064516129,10.7741935484,68.5806451613,0.959032258065,1.00806451613
CLST,66.65625,61.28125,45.14375,67.490625,38.3125,51.678125,1.0825,18.346875,3.28125,19.21875,9.3125,29.84375,7.71875,13.03125,63.96875,1.041875,0.9065625
LTU,73.1612903226,64.4516129032,45.0774193548,70.2064516129,32.9516129032,51.0290322581,1.08451612903,15.5806451613,5.90322580645,16.4193548387,8.90322580645,30.0,8.54838709677,14.0967741935,69.8064516129,1.05290322581,0.897419354839
SPC,61.2058823529,60.2352941176,41.5647058824,64.2470588235,34.0529411765,47.5441176471,1.02323529412,18.6617647059,2.97058823529,19.2352941176,9.17647058824,29.7058823529,6.26470588235,10.1176470588,62.9117647059,0.978823529412,0.956470588235
ORU,69.4193548387,68.064516129,42.8516129032,71.4258064516,35.1741935484,48.2096774194,1.05774193548,17.7290322581,3.83870967742,18.7096774194,9.64516129032,31.8709677419,6.1935483871,10.935483871,68.2580645161,1.01741935484,0.973870967742
ALB,65.9677419355,60.5483870968,44.8290322581,72.6548387097,36.7193548387,51.2903225806,1.11612903226,18.5741935484,1.61290322581,16.5483870968,8.1935483871,30.064516129,5.70967741935,10.5483870968,63.0,1.05129032258,0.967419354839
ALC,63.3333333333,74.3333333333,38.0366666667,66.1966666667,26.8266666667,42.2,0.929,15.65,2.46666666667,17.8333333333,10.0,29.1666666667,5.63333333333,8.5,69.2,0.915333333333,1.05566666667
ALA,66.9032258065,63.8709677419,43.9838709677,70.8,31.5903225806,50.4612903226,1.09290322581,18.5806451613,3.77419354839,19.2903225806,8.64516129032,30.7419354839,6.54838709677,10.3548387097,64.7096774194,1.03387096774,0.960322580645
SH,71.875,73.96875,46.578125,65.834375,31.278125,50.765625,1.068125,18.346875,3.34375,17.90625,10.375,33.59375,6.34375,14.09375,70.6875,1.0265625,0.97
MARQ,65.2,66.8333333333,43.57,64.6133333333,33.01,49.4933333333,1.045,18.0833333333,3.56666666667,15.8333333333,7.9,28.2333333333,7.66666666667,14.8,66.6,0.976333333333,1.00066666667
DART,62.9642857143,62.2142857143,43.8285714286,63.9642857143,35.0214285714,49.5857142857,1.04464285714,19.7464285714,3.53571428571,19.2142857143,9.25,30.3928571429,7.5,12.2857142857,63.8928571429,0.987142857143,0.973928571429
SC,65.3666666667,62.0,40.92,74.6666666667,30.1,45.8233333333,1.00866666667,18.86,4.3,19.4,10.5666666667,32.8,6.3,13.5,67.1333333333,0.972333333333,0.914333333333
SB,65.7575757576,59.9696969697,42.4303030303,66.8151515152,32.1545454545,47.0545454545,1.00333333333,17.7757575758,4.12121212121,16.4545454545,12.5757575758,37.0909090909,5.15151515152,12.1515151515,65.0,1.01606060606,0.877878787879
QUIN,69.7333333333,67.5333333333,39.44,76.6466666667,29.88,43.9666666667,0.988666666667,19.6,5.76666666667,19.0,14.4666666667,41.5,3.56666666667,13.8666666667,69.8,0.998,0.971
LMD,58.8,66.1666666667,38.15,67.0666666667,32.07,42.7666666667,0.938333333333,18.9166666667,3.0,19.8,9.3,30.8666666667,5.53333333333,9.63333333333,65.6333333333,0.895,1.02933333333
SF,69.3548387097,68.1290322581,45.3451612903,60.7677419355,34.4612903226,51.2709677419,1.07258064516,16.8935483871,2.51612903226,20.4516129032,9.0,31.8709677419,5.8064516129,13.935483871,67.3548387097,1.03096774194,0.987419354839
PUR,70.8064516129,64.4838709677,45.9677419355,66.2612903226,32.4774193548,51.3322580645,1.09322580645,19.1612903226,5.35483870968,19.0,10.064516129,33.1612903226,5.70967741935,15.0322580645,67.8064516129,1.04419354839,0.945806451613
DUKE,81.2580645161,65.7096774194,50.2516129032,68.9161290323,39.5741935484,57.0677419355,1.19612903226,16.3741935484,3.67741935484,15.8709677419,11.0967741935,35.2580645161,7.22580645161,15.7419354839,68.3225806452,1.19225806452,0.951612903226
TOL,75.4516129032,71.0,47.3612903226,72.7032258065,37.4193548387,52.835483871,1.14064516129,17.4806451613,3.09677419355,17.0322580645,9.09677419355,32.7096774194,5.22580645161,13.2258064516,69.7741935484,1.08322580645,1.03516129032
BAY,69.7096774194,59.9677419355,43.7161290323,67.0548387097,38.4677419355,50.1580645161,1.06516129032,19.0193548387,4.0,16.3548387097,13.2258064516,36.4516129032,7.67741935484,14.8387096774,64.8064516129,1.07806451613,0.903548387097
STET,66.5806451613,73.8709677419,43.664516129,65.2161290323,33.5741935484,49.3322580645,1.03935483871,17.8709677419,3.32258064516,17.5161290323,7.70967741935,29.9677419355,4.48387096774,12.5161290323,69.0,0.965806451613,0.993225806452
CAL,67.4193548387,67.3870967742,43.8451612903,62.9580645161,34.335483871,48.7096774194,1.02258064516,15.8612903226,3.96774193548,19.4838709677,7.51612903226,32.7741935484,4.25806451613,12.8064516129,69.3225806452,0.972580645161,0.986774193548
SEMO,69.5666666667,68.8,44.0633333333,66.28,33.6766666667,49.6866666667,1.053,18.8066666667,4.4,19.9333333333,9.76666666667,31.6333333333,7.26666666667,12.6,69.3666666667,1.00133333333,0.954666666667
MRSH,67.4838709677,71.9032258065,40.8870967742,65.1903225806,31.8709677419,47.864516129,1.01870967742,21.0935483871,2.87096774194,19.9032258065,9.67741935484,33.9677419355,6.67741935484,13.0322580645,72.5483870968,0.934193548387,0.934516129032
UMES,67.5483870968,66.7741935484,45.3322580645,67.064516129,38.5612903226,51.8548387097,1.10193548387,22.0225806452,1.45161290323,19.4838709677,9.77419354839,29.7741935484,7.67741935484,13.6774193548,65.7741935484,1.02225806452,1.00580645161
UTSA,71.2413793103,70.8275862069,42.8379310345,69.9896551724,31.975862069,48.4655172414,1.05379310345,17.7344827586,2.20689655172,16.6206896552,10.7586206897,31.6896551724,7.06896551724,12.4827586207,69.6206896552,1.02724137931,0.978620689655
WCU,70.34375,71.375,43.803125,69.865625,34.275,49.265625,1.0525,19.01875,4.375,20.90625,10.65625,31.75,8.09375,11.6875,69.71875,1.01,0.9809375
UK,74.6451612903,53.3548387097,46.9322580645,71.0096774194,34.0258064516,51.8290322581,1.11451612903,15.9193548387,6.90322580645,16.935483871,11.7419354839,35.6774193548,6.77419354839,14.8387096774,66.0322580645,1.13064516129,0.804838709677
STJ,71.5806451613,67.4193548387,44.7032258065,70.0290322581,35.0483870968,50.0451612903,1.07096774194,15.0838709677,6.51612903226,17.3225806452,8.58064516129,31.7741935484,7.58064516129,12.7419354839,68.8709677419,1.04161290323,0.929032258065
FORD,65.0,69.5172413793,41.6448275862,73.4206896552,31.3068965517,47.024137931,1.01689655172,20.875862069,3.89655172414,18.7931034483,10.8965517241,33.4827586207,6.65517241379,12.5862068966,67.5517241379,0.968620689655,0.978620689655
SAMH,74.0322580645,58.3548387097,43.4032258065,70.6870967742,33.4903225806,50.364516129,1.09193548387,19.0290322581,4.48387096774,20.2258064516,11.5806451613,37.8709677419,6.87096774194,14.6129032258,69.4838709677,1.0664516129,0.763548387097
OHST,76.0,61.6129032258,49.0193548387,66.0129032258,37.635483871,55.0290322581,1.14548387097,16.4096774194,5.06451612903,15.9677419355,9.96774193548,33.2258064516,7.90322580645,15.3548387097,67.7419354839,1.11903225806,0.923225806452
BING,57.65625,66.375,39.778125,65.184375,30.590625,45.115625,0.9746875,20.2125,2.5,17.96875,7.40625,27.71875,5.8125,8.6875,64.84375,0.8903125,0.97125
SAMF,69.15625,71.90625,45.2,68.3625,34.790625,51.08125,1.0821875,18.11875,3.0,20.5,8.0,27.90625,7.34375,13.1875,69.28125,1.0059375,1.0165625
ARST,64.4482758621,69.5862068966,40.6655172414,70.4689655172,33.1379310345,45.8793103448,0.99275862069,19.2448275862,3.06896551724,17.0689655172,9.20689655172,32.3448275862,5.31034482759,11.0689655172,69.1034482759,0.934137931034,0.966206896552
RUTG,59.0322580645,66.7741935484,39.1064516129,64.6032258065,29.7290322581,43.4516129032,0.936451612903,19.2064516129,3.77419354839,16.5806451613,9.61290322581,31.4838709677,5.54838709677,10.7096774194,66.2903225806,0.891290322581,1.01064516129
NCC,68.5666666667,54.6666666667,48.05,67.2666666667,36.91,54.64,1.14433333333,19.5266666667,4.26666666667,19.2666666667,8.16666666667,31.5333333333,6.76666666667,14.0333333333,64.0,1.06733333333,0.797
UDM,70.7272727273,70.7575757576,44.6757575758,68.5060606061,38.8878787879,50.8757575758,1.07272727273,18.3575757576,3.33333333333,20.8181818182,8.66666666667,30.3333333333,7.66666666667,13.4545454545,70.4545454545,1.00757575758,0.961212121212
LIB,63.90625,69.4375,43.3625,69.840625,32.815625,48.0125,1.0421875,23.496875,2.6875,18.8125,9.09375,31.78125,5.46875,11.1875,68.59375,0.9334375,0.9159375
MIA,68.8709677419,63.3548387097,43.6935483871,72.3096774194,37.0677419355,51.2612903226,1.09580645161,15.4258064516,3.22580645161,15.6129032258,7.93548387097,29.935483871,5.74193548387,13.4516129032,64.8387096774,1.0635483871,0.968387096774
LIU,67.4,71.1666666667,39.5266666667,68.4866666667,32.8566666667,45.1866666667,0.988666666667,18.6533333333,2.5,20.1333333333,10.0333333333,33.1333333333,5.7,11.5333333333,71.8666666667,0.939,1.01066666667
LIP,72.0,74.9032258065,42.3516129032,69.5451612903,32.9741935484,49.5419354839,1.06387096774,18.3258064516,1.96774193548,21.3225806452,9.48387096774,31.9032258065,5.64516129032,13.935483871,71.8387096774,1.0035483871,0.982580645161
MICH,64.6,64.0666666667,42.01,76.2533333333,36.2966666667,49.3333333333,1.057,14.7333333333,1.7,14.3,6.86666666667,27.6333333333,5.46666666667,11.8,63.6333333333,1.01766666667,0.988
UTEP,69.4333333333,63.3,47.08,64.56,35.3566666667,52.5033333333,1.10466666667,17.7966666667,3.96666666667,17.1666666667,8.16666666667,32.0,5.46666666667,13.8666666667,67.0,1.04166666667,0.947
RAD,72.71875,67.6875,45.934375,69.334375,33.128125,51.6125,1.0934375,17.309375,4.21875,17.6875,10.6875,32.8125,6.84375,13.3125,67.625,1.071875,0.9225
SAC,70.3571428571,67.6785714286,48.8321428571,72.7928571429,42.725,55.0071428571,1.16178571429,16.7964285714,2.39285714286,17.1428571429,7.28571428571,27.1071428571,7.17857142857,14.5,64.4642857143,1.09714285714,0.9875
LONG,67.7142857143,73.2285714286,42.6485714286,70.9428571429,36.8857142857,50.0114285714,1.06085714286,20.1142857143,3.14285714286,19.8,7.88571428571,28.1714285714,7.97142857143,11.6,70.1714285714,0.970285714286,1.00285714286
YALE,68.1612903226,60.5806451613,44.5903225806,71.835483871,37.7451612903,51.3161290323,1.09870967742,19.5483870968,4.03225806452,17.2903225806,10.0322580645,33.1935483871,5.90322580645,13.7096774194,64.7419354839,1.05161290323,0.891935483871
SFNY,69.1212121212,64.0,42.2,69.2909090909,29.2242424242,47.1151515152,1.02454545455,18.5636363636,5.09090909091,18.1515151515,13.1818181818,35.7878787879,6.63636363636,12.2121212121,67.4545454545,1.03060606061,0.920303030303
JAX,64.3125,71.90625,41.365625,66.671875,35.715625,47.3,1.0134375,18.1,2.46875,18.0625,8.21875,28.40625,6.46875,10.65625,67.5,0.9509375,0.9940625
LAM,71.6129032258,72.0967741935,45.0483870968,67.3806451613,32.0838709677,50.2903225806,1.08129032258,21.5258064516,3.83870967742,20.5806451613,10.2258064516,31.1290322581,7.32258064516,12.9032258065,71.2903225806,1.00322580645,0.922903225806
URI,67.4482758621,59.4137931034,45.6517241379,65.7068965517,28.6931034483,49.6793103448,1.0624137931,20.0206896552,5.48275862069,20.5172413793,9.34482758621,31.8275862069,6.72413793103,13.0689655172,68.0344827586,0.994137931034,0.857931034483
SIUE,68.1785714286,67.2857142857,42.9928571429,67.9607142857,38.3821428571,49.4714285714,1.05357142857,19.2464285714,4.28571428571,18.5,8.64285714286,31.1428571429,6.32142857143,12.2857142857,69.0,0.982857142857,0.928928571429
MURR,79.09375,67.71875,48.721875,69.28125,38.56875,55.265625,1.161875,16.728125,3.46875,18.59375,10.875,33.90625,7.4375,15.375,69.03125,1.1475,0.92875
NTEX,65.6,67.7,43.7366666667,62.3466666667,30.67,48.1433333333,1.02366666667,19.6066666667,3.36666666667,17.7333333333,9.06666666667,31.9333333333,6.73333333333,10.1333333333,68.7,0.957666666667,0.933333333333
WISC,71.6774193548,55.7419354839,47.8709677419,76.3806451613,35.264516129,54.264516129,1.15838709677,12.2225806452,3.61290322581,12.4516129032,8.41935483871,31.4516129032,4.45161290323,12.3548387097,60.8709677419,1.17709677419,0.913225806452
MIZZ,60.2333333333,68.3333333333,40.4066666667,64.7866666667,32.8266666667,46.18,0.983333333333,18.9233333333,2.83333333333,19.5333333333,8.56666666667,29.6333333333,5.4,10.6333333333,65.1666666667,0.925,1.05366666667
UALR,69.7,70.7666666667,42.35,71.7533333333,34.4366666667,48.6133333333,1.04733333333,15.4433333333,2.73333333333,19.0666666667,9.16666666667,31.3333333333,5.53333333333,12.4,68.2,1.02533333333,0.99
SFA,79.71875,64.25,49.528125,72.990625,39.025,56.659375,1.200625,19.65625,3.5625,21.6875,10.5,31.71875,7.90625,18.0,69.59375,1.145,0.8546875
KSU,62.935483871,63.7096774194,43.6193548387,66.3870967742,33.7516129032,48.2419354839,1.04322580645,20.0870967742,2.25806451613,19.9032258065,8.45161290323,28.4193548387,6.06451612903,13.0967741935,65.0,0.964516129032,0.998064516129
COLU,64.8571428571,62.0357142857,43.7964285714,69.675,36.5392857143,52.1642857143,1.09714285714,18.5214285714,3.57142857143,17.9285714286,8.82142857143,29.8571428571,4.89285714286,11.8928571429,61.4642857143,1.05071428571,0.972857142857
COLO,67.6666666667,66.7666666667,43.1666666667,70.1133333333,33.97,48.03,1.04333333333,18.6733333333,4.13333333333,18.0,9.76666666667,34.1666666667,5.53333333333,11.3333333333,67.4333333333,1.0,0.991666666667
STAN,72.9,67.1333333333,43.5166666667,71.9633333333,38.5433333333,49.53,1.07466666667,15.3433333333,2.83333333333,19.4,9.93333333333,33.6666666667,5.43333333333,12.3,68.6,1.066,0.982666666667
COLG,66.0,64.3939393939,48.7121212121,66.5606060606,39.3606060606,56.4424242424,1.16575757576,18.1181818182,2.69696969697,16.8787878788,5.90909090909,28.0606060606,5.15151515152,13.5151515152,62.1212121212,1.06636363636,0.998181818182
YSU,71.46875,74.8125,44.453125,69.88125,36.18125,50.2875,1.0721875,16.446875,2.09375,18.3125,7.875,29.34375,6.0,14.0625,70.75,1.0125,1.0025
UGA,68.8,64.4,44.1466666667,68.6866666667,34.56,49.83,1.081,18.7966666667,4.66666666667,18.4333333333,9.33333333333,34.9666666667,5.63333333333,12.7,67.7333333333,1.01833333333,0.939666666667
CHSO,74.0333333333,68.8333333333,42.18,68.3366666667,34.1766666667,49.8766666667,1.063,16.1066666667,2.26666666667,17.4666666667,11.2333333333,34.2333333333,7.03333333333,12.8666666667,69.6,1.06466666667,0.935333333333
CSN,64.4516129032,70.2580645161,42.5419354839,75.6483870968,31.5741935484,45.5838709677,1.0235483871,18.7161290323,3.8064516129,17.9032258065,8.06451612903,31.0967741935,5.51612903226,13.4193548387,68.2258064516,0.947419354839,0.985161290323
SHU,68.7666666667,67.6333333333,42.41,64.4,35.1366666667,48.6133333333,1.03333333333,17.78,4.03333333333,19.1333333333,10.9666666667,32.8666666667,6.1,12.3333333333,67.9333333333,1.014,0.995
CSF,64.2258064516,69.5161290323,41.2903225806,66.2290322581,33.2741935484,46.1806451613,1.00096774194,18.1677419355,2.0,18.2580645161,8.87096774194,31.9677419355,5.03225806452,9.83870967742,67.6451612903,0.95,0.974516129032
AFA,65.5517241379,64.6896551724,47.3724137931,64.8,36.9310344828,54.9379310345,1.13413793103,18.3827586207,2.1724137931,17.6896551724,7.34482758621,27.6206896552,6.24137931034,15.6206896552,62.1724137931,1.05793103448,0.98
CSB,64.9666666667,62.6,42.8633333333,71.03,34.35,48.4633333333,1.05333333333,18.7866666667,1.86666666667,20.3,9.93333333333,32.1333333333,5.46666666667,13.1,63.8333333333,1.01966666667,0.899333333333
GCU,68.6451612903,68.1612903226,45.4096774194,71.6967741935,33.7290322581,51.5709677419,1.10516129032,16.6387096774,3.09677419355,19.7096774194,7.03225806452,27.8064516129,5.29032258065,12.0322580645,66.3225806452,1.04,0.980322580645
LMU,62.1935483871,70.5806451613,42.1258064516,70.9838709677,34.9161290323,47.0161290323,1.02064516129,20.2741935484,3.48387096774,17.4193548387,9.70967741935,29.1612903226,6.06451612903,12.5161290323,64.6774193548,0.966774193548,1.07322580645
CST,58.4516129032,66.6451612903,37.5451612903,65.6451612903,30.7096774194,43.0935483871,0.928064516129,21.7,2.90322580645,21.1612903226,10.8064516129,30.2903225806,8.1935483871,9.32258064516,66.1290322581,0.882258064516,0.946774193548
POST,72.7037037037,72.4074074074,44.1814814815,74.5037037037,39.6444444444,50.0296296296,1.08740740741,15.6555555556,3.74074074074,17.6666666667,7.85185185185,29.3703703704,6.48148148148,13.1481481481,69.8888888889,1.03851851852,0.992222222222
BOIS,70.6774193548,59.6774193548,46.0193548387,72.9870967742,39.7032258065,54.2258064516,1.14258064516,15.4225806452,2.38709677419,16.7096774194,7.25806451613,30.2258064516,6.06451612903,12.1612903226,64.7419354839,1.09419354839,0.880322580645
COFC,58.6060606061,64.5757575758,40.5424242424,65.0757575758,33.3545454545,46.3909090909,0.987272727273,18.4454545455,2.90909090909,20.5454545455,8.06060606061,29.3333333333,5.51515151515,9.60606060606,63.4242424242,0.929393939394,1.01787878788
PROV,70.3870967742,65.8387096774,44.8612903226,70.3967741935,29.0612903226,49.2225806452,1.06838709677,17.1322580645,4.74193548387,18.3870967742,9.67741935484,31.7096774194,7.22580645161,14.1290322581,68.1290322581,1.03483870968,0.974516129032
CREI,67.3548387097,67.2258064516,41.9225806452,72.0129032258,34.5935483871,49.3483870968,1.06483870968,17.5419354839,2.32258064516,17.7741935484,8.48387096774,31.3225806452,4.41935483871,13.5483870968,66.6451612903,1.01129032258,1.02774193548
UCSB,68.9655172414,63.724137931,44.4137931034,73.8172413793,39.3931034483,50.7827586207,1.08482758621,16.8413793103,3.72413793103,18.7586206897,9.31034482759,31.4482758621,5.24137931034,15.8620689655,65.5172413793,1.05551724138,0.920344827586
MAN,69.5,67.03125,43.971875,68.5625,33.421875,50.121875,1.0865625,20.846875,2.78125,22.8125,8.78125,28.96875,8.21875,13.84375,70.1875,0.991875,0.9496875
SDST,73.3225806452,64.0967741935,46.2677419355,70.3580645161,38.3838709677,53.564516129,1.13838709677,16.9580645161,3.87096774194,19.4516129032,8.38709677419,32.5483870968,5.48387096774,12.1290322581,67.9032258065,1.08225806452,0.898064516129
SDSU,62.4193548387,53.3870967742,42.2161290323,61.6483870968,32.0774193548,47.0903225806,0.996451612903,18.2419354839,5.16129032258,14.4516129032,10.5483870968,31.8709677419,7.29032258065,10.7096774194,63.935483871,0.976129032258,0.827096774194
IOWA,69.7741935484,61.7096774194,43.6129032258,73.5580645161,34.4580645161,48.7709677419,1.06774193548,16.5548387097,4.58064516129,15.8064516129,10.6774193548,34.4193548387,6.74193548387,14.5483870968,66.064516129,1.06,0.94
ISU,79.3333333333,69.6,48.8466666667,69.02,37.5133333333,55.73,1.16766666667,16.0766666667,3.83333333333,15.6333333333,8.26666666667,33.5333333333,6.06666666667,16.8333333333,71.5666666667,1.10866666667,0.967
BUTL,69.8387096774,61.0,44.5870967742,67.7741935484,36.8290322581,49.7935483871,1.06419354839,16.4451612903,2.90322580645,17.3548387097,9.87096774194,32.5806451613,6.32258064516,11.5483870968,67.3225806452,1.04161290323,0.920322580645
CHAR,74.1935483871,72.7096774194,46.5129032258,63.8096774194,38.7096774194,52.1290322581,1.08580645161,18.6290322581,2.41935483871,17.6129032258,10.8064516129,34.1935483871,6.64516129032,13.8387096774,71.0322580645,1.04387096774,1.03290322581
CHAT,72.65625,66.90625,45.28125,67.6375,34.41875,51.53125,1.098125,18.578125,6.3125,19.375,10.0625,31.96875,6.5625,11.8125,68.78125,1.0571875,0.929375
WYO,61.7419354839,55.7741935484,46.635483871,69.0838709677,32.0548387097,52.964516129,1.12548387097,17.8322580645,3.06451612903,13.6774193548,5.16129032258,26.935483871,5.74193548387,14.6129032258,60.5806451613,1.02290322581,0.869677419355
MERC,66.4545454545,62.2727272727,44.2151515152,68.1909090909,35.2636363636,49.9181818182,1.06787878788,16.4636363636,2.66666666667,16.0606060606,9.36363636364,30.4848484848,6.30303030303,13.2424242424,63.4848484848,1.05393939394,0.936060606061
GONZ,79.0322580645,60.064516129,52.7258064516,71.1612903226,40.9419354839,59.2516129032,1.22903225806,15.8903225806,3.35483870968,16.9032258065,8.58064516129,34.2258064516,6.06451612903,16.6451612903,66.3225806452,1.19225806452,0.866774193548
ASU,69.6129032258,66.4193548387,44.8741935484,67.4129032258,34.7612903226,51.5193548387,1.0935483871,19.964516129,2.29032258065,18.935483871,8.48387096774,31.2580645161,5.74193548387,13.0,68.9677419355,1.01,0.973225806452
RMU,69.09375,67.875,44.946875,72.340625,38.803125,50.759375,1.085,19.49375,2.90625,18.375,8.90625,30.3125,8.40625,12.3125,68.53125,1.0146875,0.99375
SDAK,70.125,69.8125,42.296875,73.325,36.215625,47.865625,1.0378125,15.96875,2.5,18.125,10.0,32.5625,5.5,11.875,68.71875,1.0246875,0.9740625
ECU,63.4516129032,65.2258064516,42.3806451613,68.1806451613,34.764516129,48.8903225806,1.03580645161,17.1967741935,1.77419354839,17.2258064516,8.51612903226,28.4516129032,6.1935483871,13.1935483871,64.3225806452,0.988064516129,0.968064516129
MASS,69.3870967742,70.2903225806,43.4838709677,69.2870967742,29.2548387097,47.5161290323,1.03935483871,19.6387096774,4.22580645161,18.3225806452,10.0322580645,33.6774193548,6.8064516129,13.2258064516,70.6451612903,0.982903225806,1.00548387097
SEA,63.0,62.6296296296,45.0777777778,64.6592592593,39.0148148148,52.2814814815,1.09296296296,20.3592592593,1.55555555556,16.1481481481,8.18518518519,30.3703703704,5.07407407407,13.962962963,62.8518518519,1.00888888889,0.923333333333
IONA,79.9393939394,72.6363636364,47.2696969697,70.1909090909,40.2151515152,56.0121212121,1.17575757576,16.7727272727,3.66666666667,16.9393939394,8.0,32.0606060606,6.60606060606,16.5151515152,72.6363636364,1.10424242424,1.00636363636
UNF,75.7058823529,67.7647058824,46.9264705882,72.7,39.1911764706,55.2294117647,1.16882352941,17.5176470588,4.17647058824,16.0294117647,8.14705882353,31.4117647059,6.26470588235,14.4411764706,68.7941176471,1.10617647059,0.897941176471
UNH,66.8064516129,60.935483871,43.6322580645,68.0322580645,37.3483870968,50.4322580645,1.07258064516,18.2419354839,2.16129032258,18.6774193548,7.96774193548,33.3870967742,5.1935483871,11.4516129032,66.8387096774,1.00516129032,0.882258064516
UNI,65.3636363636,54.303030303,48.8696969697,73.8,40.4272727273,56.9303030303,1.20151515152,17.2848484848,2.48484848485,14.3636363636,6.09090909091,28.2727272727,5.93939393939,11.9393939394,59.1818181818,1.11272727273,0.909696969697
BETH,55.8387096774,62.5483870968,40.5548387097,71.1129032258,29.8548387097,45.8032258065,1.01387096774,22.4129032258,2.38709677419,18.7096774194,9.22580645161,28.1290322581,5.25806451613,8.0,58.6129032258,0.946129032258,0.931612903226
UNO,71.2857142857,74.0,44.325,69.9214285714,33.7178571429,48.35,1.05571428571,21.3107142857,3.71428571429,20.6785714286,10.6071428571,31.0714285714,7.39285714286,9.75,73.25,0.976071428571,0.948214285714
VMI,80.0666666667,80.9333333333,40.0466666667,69.46,31.5433333333,48.2966666667,1.026,18.2133333333,5.9,21.3,12.1666666667,34.8333333333,8.43333333333,13.6,80.9,0.993333333333,0.976333333333
TAMC,66.5666666667,64.2,44.75,68.5633333333,33.22,49.6566666667,1.07833333333,19.5466666667,2.8,20.5,8.66666666667,29.3666666667,6.9,10.4666666667,65.5,1.01233333333,0.92
NOVA,76.6774193548,61.5483870968,46.935483871,72.5967741935,38.2161290323,55.1387096774,1.17870967742,15.9096774194,4.03225806452,16.6774193548,9.1935483871,31.7741935484,7.74193548387,15.8387096774,66.8387096774,1.15193548387,0.905483870968
TUL,63.7666666667,63.9333333333,40.9533333333,65.1966666667,33.0333333333,46.6566666667,0.998666666667,18.48,2.06666666667,17.8,9.96666666667,31.7333333333,6.16666666667,11.2,66.1333333333,0.966666666667,0.950333333333
KU,71.9032258065,65.0967741935,44.1064516129,70.6935483871,36.7225806452,49.5967741935,1.08258064516,17.9548387097,5.06451612903,17.6129032258,10.6451612903,35.3548387097,6.51612903226,13.5161290323,68.1935483871,1.0564516129,0.955483870968
MVSU,62.935483871,79.6451612903,38.4258064516,67.0612903226,29.8225806452,42.4774193548,0.924193548387,19.7096774194,1.0,17.935483871,9.61290322581,28.6451612903,7.51612903226,10.3870967742,73.3548387097,0.861290322581,1.09903225806
ORSU,60.5333333333,58.5333333333,42.3633333333,67.8333333333,31.92,47.3933333333,1.02033333333,18.3133333333,4.03333333333,19.0333333333,8.23333333333,28.8333333333,7.66666666667,12.0333333333,62.7,0.964666666667,0.881
UCR,65.3448275862,65.6551724138,42.3,68.9586206897,35.1655172414,48.6655172414,1.03862068966,19.7137931034,3.58620689655,19.7931034483,8.89655172414,31.1034482759,6.79310344828,12.8965517241,67.5172413793,0.968965517241,0.935862068966
WRIG,64.1612903226,67.9677419355,44.5,69.1290322581,34.135483871,50.4774193548,1.07,18.0838709677,2.41935483871,19.0967741935,6.03225806452,26.2580645161,5.41935483871,13.1290322581,66.0967741935,0.970967741935,0.966129032258
CAMP,63.90625,66.375,42.675,62.98125,35.46875,50.675,1.0578125,19.234375,2.875,17.9375,8.625,28.875,7.0625,13.09375,64.40625,0.993125,0.956875
UCF,63.1379310345,71.4482758621,42.1034482759,63.1344827586,33.4379310345,48.175862069,1.01517241379,22.2379310345,4.13793103448,15.3793103448,7.96551724138,28.6206896552,4.89655172414,11.5172413793,65.1379310345,0.937931034483,1.03655172414
UCD,71.5714285714,64.3928571429,49.2785714286,68.375,45.7678571429,57.9964285714,1.21821428571,20.4214285714,2.10714285714,17.6071428571,6.5,28.3571428571,5.0,13.6428571429,65.9285714286,1.08964285714,0.936785714286
UCA,65.3103448276,82.2068965517,42.4482758621,67.4586206897,34.5965517241,48.8103448276,1.04586206897,24.5724137931,3.93103448276,20.7931034483,7.65517241379,27.7931034483,6.27586206897,12.4482758621,72.724137931,0.898620689655,1.12965517241
UCI,68.5172413793,63.0,46.7344827586,69.8379310345,41.3448275862,52.9206896552,1.11379310345,17.8620689655,5.1724137931,17.4137931034,8.27586206897,31.3103448276,5.96551724138,14.2068965517,65.724137931,1.04931034483,0.901379310345
BUFF,74.7666666667,68.0666666667,43.5266666667,73.4166666667,33.7,48.7533333333,1.06833333333,16.07,4.0,18.4333333333,10.6666666667,34.5333333333,7.66666666667,13.3333333333,70.8333333333,1.056,0.966333333333
MILW,65.4333333333,69.2333333333,42.1533333333,73.6133333333,33.9,48.9833333333,1.06933333333,18.7166666667,2.76666666667,17.2666666667,7.16666666667,29.6333333333,5.23333333333,12.9333333333,66.9333333333,0.984,0.98
SLU,59.9032258065,66.4838709677,41.664516129,64.3161290323,32.3129032258,47.0387096774,1.01580645161,20.6290322581,2.25806451613,19.7419354839,7.06451612903,26.7096774194,5.25806451613,12.1612903226,65.5806451613,0.913870967742,1.0
INST,66.4516129032,67.7741935484,42.5548387097,70.1,35.7,49.6451612903,1.07483870968,19.9935483871,3.16129032258,18.0967741935,6.77419354839,29.3870967742,5.64516129032,12.6129032258,69.064516129,0.964838709677,0.961612903226
COPP,72.8275862069,83.0,40.3172413793,69.7793103448,36.5517241379,48.2172413793,1.02448275862,17.4931034483,3.10344827586,20.4137931034,8.93103448276,29.275862069,6.75862068966,12.9655172414,75.5862068966,0.965862068966,1.08620689655
CWM,73.7419354839,66.6451612903,49.6967741935,72.3193548387,39.964516129,58.264516129,1.21709677419,17.3806451613,4.35483870968,15.6451612903,6.16129032258,29.935483871,6.09677419355,14.8387096774,66.1935483871,1.11612903226,0.963548387097
VCU,72.2580645161,65.5161290323,42.1322580645,64.7451612903,32.0387096774,48.664516129,1.02935483871,14.4322580645,4.41935483871,19.1290322581,10.5483870968,32.1612903226,10.1612903226,12.7096774194,69.8387096774,1.0364516129,0.949032258065
ETSU,73.3666666667,71.3333333333,42.25,72.6833333333,36.1166666667,50.5233333333,1.08733333333,17.6933333333,2.76666666667,20.3666666667,9.63333333333,32.0333333333,7.83333333333,12.7,70.5,1.04,0.962666666667
MCN,69.0689655172,70.724137931,42.6620689655,65.475862069,32.5206896552,47.9551724138,1.01379310345,16.0482758621,4.65517241379,17.0689655172,11.6896551724,32.7931034483,7.34482758621,13.1724137931,67.6551724138,1.02586206897,0.916551724138
NJIT,71.2068965517,66.6896551724,46.0379310345,70.424137931,38.9310344828,54.0827586207,1.13827586207,20.3379310345,4.72413793103,19.6896551724,8.24137931034,30.1034482759,7.10344827586,15.1724137931,68.4137931034,1.04448275862,0.85275862069
NICH,64.3793103448,72.8965517241,43.4379310345,62.6448275862,30.3793103448,48.375862069,1.01931034483,23.7620689655,4.13793103448,21.5862068966,9.27586206897,30.0344827586,6.86206896552,12.6896551724,70.5862068966,0.913448275862,0.932413793103
UNC,78.1612903226,68.1935483871,47.3451612903,70.3806451613,33.9548387097,51.1516129032,1.08580645161,17.0580645161,4.61290322581,19.3548387097,12.0967741935,37.8387096774,6.83870967742,17.6774193548,72.3225806452,1.07903225806,0.954838709677
CITA,63.9666666667,68.6,45.3733333333,74.76,41.53,52.5233333333,1.13466666667,20.4333333333,2.2,14.9666666667,7.26666666667,25.9333333333,4.7,13.1333333333,62.1,1.033,1.04133333333
WKU,72.4666666667,68.3666666667,43.8533333333,64.1533333333,36.9866666667,50.7733333333,1.072,18.2733333333,3.23333333333,18.4,9.76666666667,34.2333333333,5.43333333333,14.3,70.8,1.02633333333,0.934666666667
IUPUI,60.3870967742,67.0967741935,42.9064516129,70.7483870968,30.1225806452,46.8516129032,1.01,22.7967741935,2.09677419355,20.3870967742,8.74193548387,29.8064516129,7.03225806452,11.1935483871,66.6451612903,0.908709677419,1.00516129032
SJSU,53.3,69.5333333333,35.5266666667,63.62,28.7333333333,41.9466666667,0.907,20.9566666667,2.6,18.1,7.86666666667,28.1,4.83333333333,9.76666666667,65.1,0.819666666667,1.02266666667
PVAM,66.4193548387,68.8387096774,42.1612903226,64.7258064516,33.9451612903,46.9258064516,0.993225806452,19.7774193548,3.06451612903,21.5806451613,10.1935483871,28.9677419355,8.8064516129,10.7096774194,70.4516129032,0.941612903226,0.955483870968
PAC,64.7,68.3333333333,41.8766666667,63.8066666667,34.1033333333,48.1266666667,1.02566666667,18.75,2.43333333333,21.6333333333,10.3,31.6,4.0,11.8666666667,64.9666666667,0.992666666667,0.986666666667
DUQ,72.3103448276,74.9655172414,45.3137931034,63.0965517241,36.2448275862,52.1,1.07862068966,17.3206896552,3.0,18.3448275862,9.51724137931,32.6896551724,5.13793103448,15.1034482759,69.5862068966,1.04068965517,1.05620689655
MIO,66.4516129032,69.8064516129,44.5387096774,69.3838709677,34.0838709677,50.1129032258,1.07387096774,18.4161290323,2.03225806452,18.9032258065,7.03225806452,27.5806451613,7.70967741935,11.6129032258,67.6451612903,0.988387096774,1.00935483871
ARIZ,76.6451612903,58.9032258065,48.8,69.5161290323,35.3419354839,53.2870967742,1.14161290323,16.4483870968,3.54838709677,18.1935483871,9.8064516129,35.064516129,7.1935483871,14.1290322581,68.3548387097,1.11870967742,0.858709677419
RID,65.4375,63.78125,44.040625,59.228125,33.0375,49.51875,1.0315625,18.3875,2.65625,17.84375,9.875,32.09375,7.09375,12.03125,66.0,0.99,0.9334375
XU,74.7419354839,67.9677419355,47.9419354839,73.2387096774,35.2612903226,53.9838709677,1.15032258065,17.7612903226,2.93548387097,18.0322580645,8.74193548387,32.6774193548,6.16129032258,16.8709677419,68.7096774194,1.08870967742,0.989032258065
WEB,67.0,68.1428571429,42.1321428571,74.4571428571,34.1178571429,48.9821428571,1.0875,19.6892857143,3.71428571429,17.8214285714,8.28571428571,30.8928571429,5.35714285714,11.9285714286,66.5357142857,1.00964285714,0.975714285714
PEPP,63.8,61.0333333333,42.78,74.58,30.4666666667,47.2066666667,1.04166666667,18.6933333333,3.4,17.8666666667,7.93333333333,30.3333333333,6.2,13.5666666667,65.6666666667,0.969333333333,0.905666666667
VALP,70.3125,59.75,46.2625,67.80625,38.403125,52.68125,1.10625,18.63125,4.6875,16.59375,10.03125,34.09375,5.96875,13.21875,65.96875,1.065625,0.8359375
HAW,72.8387096774,68.6129032258,43.9967741935,69.0064516129,32.3903225806,49.6548387097,1.06193548387,18.2225806452,3.90322580645,20.3225806452,10.3870967742,31.8064516129,9.96774193548,13.3225806452,71.4516129032,1.0235483871,0.93
SYR,67.6129032258,63.3870967742,43.1064516129,65.4903225806,30.3870967742,47.4870967742,1.01064516129,17.1967741935,5.06451612903,15.1612903226,10.4838709677,33.3870967742,8.25806451613,15.1612903226,68.2258064516,0.991290322581,0.932258064516
NORF,70.59375,66.09375,47.475,67.278125,34.55625,52.725,1.111875,19.94375,5.0,19.5625,9.34375,33.625,5.25,13.40625,68.0,1.036875,0.9365625
UMBC,56.2666666667,67.3666666667,41.31,63.7633333333,32.9266666667,46.7066666667,0.994333333333,22.9566666667,3.03333333333,15.8666666667,6.1,26.9,6.56666666667,11.3333333333,65.9333333333,0.857666666667,1.035
TOWS,63.5625,65.0,41.396875,65.29375,30.29375,45.321875,0.99375,19.8625,3.96875,21.0,12.09375,35.0625,3.53125,9.0625,64.9375,0.97375,1.0075
NIU,66.1724137931,65.9655172414,43.1827586207,69.4655172414,32.3,48.1551724138,1.05,21.0517241379,2.37931034483,19.3103448276,10.724137931,31.5862068966,7.51724137931,9.89655172414,66.5517241379,0.994827586207,0.979310344828
BELM,74.46875,70.34375,47.634375,69.609375,38.075,56.809375,1.1803125,19.58125,2.0,16.4375,7.8125,30.5625,6.40625,15.375,68.75,1.081875,0.994375
EMU,69.6774193548,63.0,41.5709677419,72.0193548387,31.1,47.5774193548,1.04548387097,16.9129032258,4.74193548387,19.0967741935,9.41935483871,33.1612903226,8.8064516129,10.6774193548,69.1935483871,1.0064516129,0.827096774194
FDU,65.9655172414,73.4482758621,41.5931034483,68.475862069,33.4379310345,47.8068965517,1.02586206897,17.3896551724,3.20689655172,21.6206896552,8.55172413793,26.3793103448,8.55172413793,10.724137931,67.4137931034,0.976896551724,1.03379310345
PORT,70.2903225806,67.6129032258,44.6935483871,71.1935483871,38.735483871,50.8774193548,1.08741935484,18.1193548387,4.51612903226,18.5483870968,10.2903225806,32.8064516129,5.58064516129,14.9677419355,66.7741935484,1.0535483871,0.960322580645
TCU,68.4838709677,62.1290322581,44.0548387097,59.8161290323,32.4419354839,48.2225806452,1.02387096774,17.4,5.35483870968,20.6129032258,12.064516129,34.2580645161,6.12903225806,13.2903225806,66.7741935484,1.02612903226,0.934516129032
TXST,61.8620689655,59.9655172414,40.6034482759,68.5172413793,30.3965517241,45.375862069,0.98724137931,19.1344827586,2.37931034483,17.724137931,8.58620689655,28.8275862069,7.13793103448,11.2068965517,66.5517241379,0.923793103448,0.845172413793
TXSO,66.8064516129,67.2258064516,44.2580645161,64.0741935484,30.5935483871,49.3451612903,1.05451612903,18.8032258065,3.09677419355,17.3548387097,8.87096774194,29.6451612903,6.1935483871,10.6129032258,67.3225806452,0.996129032258,1.00193548387
NWSU,83.7333333333,80.9666666667,45.8466666667,75.5733333333,35.61,52.08,1.11633333333,15.6133333333,4.5,18.9,10.0666666667,31.8,7.86666666667,15.6333333333,77.2,1.088,0.95
SFPA,64.4193548387,63.9677419355,43.9483870968,67.0741935484,33.4258064516,50.9064516129,1.07322580645,18.7580645161,2.54838709677,16.0,7.29032258065,28.6774193548,6.61290322581,11.8387096774,64.935483871,0.987096774194,0.955161290323
WINT,73.625,67.46875,44.94375,72.225,36.096875,51.940625,1.1125,16.971875,4.3125,17.9375,9.03125,31.9375,7.0,12.125,69.15625,1.065625,0.895625
MON,64.6666666667,63.9393939394,43.1181818182,71.2575757576,32.6060606061,48.1454545455,1.05212121212,19.1060606061,3.84848484848,18.8484848485,7.84848484848,29.1515151515,7.0,11.2727272727,66.3939393939,0.974242424242,0.960606060606
IDST,64.8275862069,69.4482758621,44.4034482759,64.7793103448,36.524137931,49.1551724138,1.04172413793,18.275862069,2.62068965517,17.6896551724,8.48275862069,28.9310344828,6.86206896552,11.2413793103,66.0689655172,0.983793103448,0.996206896552
PSU,67.064516129,66.5483870968,42.4387096774,69.5,33.1741935484,48.3838709677,1.03612903226,17.9483870968,3.8064516129,20.0322580645,9.03225806452,32.5161290323,5.90322580645,10.0322580645,67.8064516129,0.985161290323,0.961935483871
UMT,71.7586206897,66.7931034483,47.0379310345,72.6448275862,37.8689655172,54.9068965517,1.15206896552,17.7103448276,2.68965517241,19.3103448276,7.1724137931,28.5862068966,6.89655172414,14.5517241379,67.2068965517,1.07103448276,0.948620689655
GWB,74.7352941176,73.7647058824,44.7558823529,67.3558823529,35.0294117647,51.8852941176,1.09558823529,17.2088235294,2.38235294118,16.2352941176,9.82352941176,32.4117647059,6.67647058824,16.2058823529,70.9705882353,1.05529411765,0.956176470588
ILL,69.935483871,62.8387096774,41.5483870968,79.1387096774,35.9935483871,47.9741935484,1.05387096774,14.4258064516,3.16129032258,17.4838709677,8.83870967742,31.5483870968,6.38709677419,12.064516129,67.0,1.04064516129,0.949032258065
UME,60.4,74.7333333333,40.5333333333,73.2833333333,32.5266666667,46.7866666667,1.00433333333,20.84,1.06666666667,18.4333333333,6.03333333333,25.3666666667,5.96666666667,13.1,68.4666666667,0.883666666667,1.09833333333
UMD,69.6774193548,63.0967741935,43.864516129,75.7677419355,37.064516129,51.0903225806,1.12129032258,17.6967741935,4.29032258065,16.4193548387,7.74193548387,32.4193548387,4.90322580645,10.8387096774,66.4193548387,1.05161290323,0.942580645161
FSU,67.2,67.5666666667,45.9233333333,66.52,30.0866666667,50.3233333333,1.07733333333,20.8433333333,4.76666666667,18.6,8.46666666667,30.5666666667,5.5,11.6666666667,68.2333333333,0.985,0.994666666667
HARV,64.5714285714,57.4642857143,43.7321428571,72.6642857143,35.425,48.45,1.055,18.1357142857,4.64285714286,15.6428571429,9.32142857143,32.3214285714,7.14285714286,12.9285714286,63.8214285714,1.01428571429,0.846428571429
HART,61.9333333333,64.1333333333,40.6833333333,69.36,33.5266666667,48.1766666667,1.02733333333,17.9,1.6,18.4,6.66666666667,27.8,6.23333333333,12.0666666667,66.0333333333,0.942666666667,0.959666666667
SCST,59.71875,67.375,38.44375,60.221875,29.5375,43.3375,0.920625,18.30625,3.125,17.59375,10.15625,30.5,6.40625,11.1875,67.34375,0.889375,0.955
PENN,60.5555555556,67.0,43.8074074074,66.2111111111,34.8666666667,49.4666666667,1.04851851852,22.7444444444,2.44444444444,19.8518518519,7.48148148148,28.4444444444,5.51851851852,11.8148148148,65.0,0.927777777778,1.04296296296
USM,60.0689655172,68.2068965517,43.1517241379,62.375862069,32.7517241379,49.5275862069,1.0375862069,21.3310344828,2.1724137931,15.4827586207,7.41379310345,27.0689655172,6.13793103448,12.1379310345,64.3103448276,0.932068965517,1.00068965517
FAIR,59.5161290323,65.8387096774,39.0258064516,71.2322580645,32.1677419355,45.3580645161,0.996129032258,19.2612903226,3.51612903226,19.064516129,7.87096774194,28.3870967742,4.96774193548,10.4516129032,64.4838709677,0.924838709677,1.01387096774
WAG,68.4,73.5333333333,40.1666666667,68.92,31.0866666667,45.1466666667,0.981,19.42,2.63333333333,22.7,12.7333333333,33.6,6.5,10.8,71.0,0.962,1.03166666667
FRES,65.6,66.5666666667,42.43,70.28,31.5533333333,47.76,1.038,16.3466666667,3.63333333333,20.1333333333,7.6,28.2333333333,7.9,10.3666666667,66.4666666667,0.988,0.953666666667
MTSU,64.3225806452,62.7096774194,42.5193548387,70.4483870968,35.9032258065,49.0290322581,1.0564516129,20.5612903226,2.96774193548,18.6774193548,9.29032258065,31.7419354839,5.96774193548,11.4193548387,65.5806451613,0.981290322581,0.934516129032
USU,66.6333333333,63.5333333333,45.1866666667,65.5566666667,39.2433333333,52.48,1.10266666667,15.8,4.7,16.1666666667,5.73333333333,28.7666666667,4.86666666667,14.4,64.9666666667,1.02633333333,0.942333333333
MORG,60.7741935484,69.935483871,35.7741935484,62.0322580645,28.2903225806,40.2709677419,0.869677419355,14.8677419355,2.87096774194,18.3548387097,12.5806451613,30.6774193548,5.8064516129,10.2903225806,67.6129032258,0.900967741935,1.04838709677
PRES,61.8125,69.1875,44.81875,65.528125,32.25625,48.953125,1.0325,19.609375,2.8125,15.84375,7.875,29.3125,5.1875,10.65625,64.71875,0.9559375,0.9803125
MORE,71.1176470588,66.3235294118,44.3,71.9058823529,34.6176470588,50.0764705882,1.07558823529,19.1911764706,3.23529411765,22.9117647059,10.4705882353,32.0,8.17647058824,14.5588235294,69.0588235294,1.02617647059,0.927352941176
EIU,62.3225806452,63.2903225806,44.2322580645,65.3870967742,36.9419354839,51.2290322581,1.06774193548,18.0741935484,4.22580645161,16.2903225806,6.67741935484,27.3225806452,5.58064516129,12.9032258065,63.6129032258,0.978064516129,0.945806451613
NOCO,75.3448275862,73.7931034483,48.3206896552,71.1172413793,38.5310344828,54.4034482759,1.14689655172,14.9827586207,2.0,19.9655172414,8.24137931034,27.6206896552,6.68965517241,12.5172413793,67.8965517241,1.11206896552,1.03172413793
WASH,69.0344827586,67.724137931,43.9448275862,69.2586206897,32.375862069,49.2137931034,1.04862068966,16.9793103448,5.03448275862,17.3793103448,8.72413793103,31.2068965517,4.93103448276,13.3103448276,68.4827586207,1.00655172414,0.991034482759
WSU,71.0,76.3,43.59,72.45,35.5533333333,50.0266666667,1.079,16.7333333333,3.36666666667,18.4666666667,7.66666666667,30.4,3.93333333333,14.8666666667,69.9666666667,1.015,1.08666666667
AMER,58.59375,58.375,46.346875,70.41875,36.815625,53.40625,1.123125,18.284375,2.625,14.65625,4.5625,22.96875,5.84375,12.375,58.1875,1.0078125,0.988125
UNCW,69.935483871,68.1612903226,44.4548387097,67.335483871,36.1935483871,48.9387096774,1.04935483871,17.6258064516,4.38709677419,20.5806451613,10.1935483871,33.0967741935,7.67741935484,11.2903225806,69.3225806452,1.01419354839,0.950967741935
FAU,61.6896551724,66.6896551724,41.8413793103,66.6413793103,34.5586206897,48.624137931,1.02482758621,19.1,3.41379310345,17.724137931,7.44827586207,27.8275862069,4.27586206897,10.0689655172,65.3103448276,0.945172413793,0.938620689655
LEH,66.9655172414,66.4137931034,44.275862069,72.3793103448,34.1482758621,49.2413793103,1.06103448276,18.9137931034,3.13793103448,17.6551724138,7.51724137931,31.6551724138,5.37931034483,13.8965517241,68.724137931,0.974137931034,0.980689655172
UNCG,69.3939393939,70.8181818182,44.2333333333,63.5151515152,35.7242424242,49.9242424242,1.04666666667,17.4121212121,3.30303030303,21.5454545455,9.06060606061,30.8181818182,6.24242424242,12.1212121212,69.4242424242,0.999090909091,0.958787878788
SOU,64.3333333333,63.4545454545,41.8606060606,63.6818181818,29.4545454545,45.7818181818,0.99,18.8484848485,4.09090909091,20.0,9.66666666667,31.8787878788,6.78787878788,10.3333333333,67.9090909091,0.948484848485,0.845454545455
UNCA,72.3225806452,70.4193548387,44.3225806452,71.2580645161,35.5741935484,50.9129032258,1.08677419355,19.6870967742,4.64516129032,19.1290322581,10.0,33.1935483871,7.35483870968,13.6774193548,70.7741935484,1.02548387097,0.929677419355
WICH,69.71875,55.8125,44.790625,67.315625,35.215625,51.18125,1.0859375,14.1625,3.8125,16.65625,10.125,32.03125,7.03125,13.90625,63.28125,1.10375,0.855
UTA,74.1,71.2666666667,44.2433333333,67.0766666667,32.2433333333,50.1433333333,1.063,19.83,3.46666666667,21.5666666667,9.6,33.9666666667,6.96666666667,13.4666666667,74.4666666667,0.987666666667,0.968666666667
DEST,71.6875,73.46875,42.10625,69.64375,34.9625,48.821875,1.043125,18.784375,3.96875,17.6875,10.15625,35.0625,4.96875,12.65625,72.25,0.9928125,0.970625
UTM,69.6666666667,64.9333333333,46.8566666667,69.2133333333,38.56,53.8133333333,1.127,17.4233333333,1.93333333333,15.3666666667,8.7,31.5333333333,5.06666666667,12.6666666667,64.3333333333,1.08566666667,0.967333333333
VT,65.3548387097,69.3548387097,44.8129032258,61.7548387097,39.8451612903,51.9129032258,1.07451612903,17.9161290323,3.03225806452,18.1290322581,6.90322580645,26.4193548387,4.32258064516,12.064516129,65.935483871,0.992580645161,1.05612903226
ID,76.4827586207,75.1034482759,46.9517241379,71.4103448276,41.1724137931,53.7689655172,1.13620689655,16.9517241379,1.93103448276,21.1034482759,9.0,32.8965517241,4.62068965517,13.2413793103,70.6896551724,1.08655172414,1.01206896552
NMSU,68.4838709677,59.4838709677,46.5064516129,68.8870967742,36.9741935484,51.2225806452,1.09774193548,21.5838709677,3.64516129032,15.935483871,11.7096774194,33.4516129032,6.32258064516,11.8709677419,64.7419354839,1.05806451613,0.863225806452
FGCU,67.34375,62.8125,43.190625,67.553125,34.0,48.365625,1.02625,17.35625,3.9375,17.03125,10.21875,34.21875,5.625,14.03125,67.09375,1.005,0.8671875
APST,63.4827586207,70.1034482759,39.9172413793,70.7724137931,31.2,45.7689655172,0.993103448276,19.4517241379,2.10344827586,19.0,9.55172413793,31.6896551724,4.20689655172,10.9655172414,67.6896551724,0.938620689655,1.02896551724
APSU,64.5666666667,72.6,39.7266666667,67.3533333333,29.9466666667,44.4133333333,0.974666666667,20.1066666667,4.1,17.1,10.8333333333,31.8666666667,6.36666666667,12.0333333333,69.5333333333,0.929,0.996
ARK,79.0322580645,70.5161290323,45.1548387097,71.3935483871,35.4193548387,50.7677419355,1.08806451613,16.0806451613,4.87096774194,18.5806451613,11.5806451613,33.0967741935,8.0,16.8387096774,72.8387096774,1.08387096774,0.967419354839
GSU,72.7096774194,62.5161290323,48.6419354839,71.9129032258,33.2612903226,53.4419354839,1.13741935484,15.6161290323,4.29032258065,18.3548387097,7.87096774194,30.0967741935,8.90322580645,13.935483871,66.5483870968,1.09419354839,0.901612903226
BC,65.8666666667,67.0333333333,45.02,70.4533333333,32.62,51.2433333333,1.08766666667,18.5133333333,2.73333333333,19.2333333333,7.06666666667,27.8,5.83333333333,13.3333333333,66.0333333333,0.999333333333,1.019
CCU,71.7058823529,61.5882352941,44.3235294118,69.1411764706,36.8529411765,50.4176470588,1.08029411765,17.6911764706,3.38235294118,16.4411764706,11.3235294118,36.5588235294,7.05882352941,11.3823529412,67.4411764706,1.06794117647,0.863529411765
CCT,58.6896551724,70.0344827586,40.1586206897,69.375862069,31.1586206897,44.5448275862,0.965862068966,20.5344827586,3.37931034483,14.1034482759,9.13793103448,29.9310344828,4.68965517241,10.7931034483,65.4482758621,0.901379310345,1.07448275862
OAK,73.71875,74.53125,46.2875,68.09375,36.41875,53.2625,1.12375,18.090625,1.71875,17.375,8.71875,30.28125,5.875,15.53125,69.5,1.06375,1.018125
CANI,64.2,62.2666666667,40.5366666667,69.9933333333,31.58,46.23,0.998333333333,17.5633333333,3.3,18.4,10.4333333333,31.2,6.66666666667,14.0,65.9333333333,0.977666666667,0.947666666667
BU,67.9,69.5666666667,44.8533333333,70.18,36.56,52.67,1.12433333333,18.0866666667,1.86666666667,17.4,7.26666666667,28.6666666667,5.66666666667,12.2666666667,65.3666666667,1.04233333333,1.047
NAU,68.5161290323,67.4193548387,40.8677419355,72.7677419355,36.3,47.1677419355,1.03612903226,17.5838709677,3.77419354839,18.9032258065,10.9032258065,34.4516129032,4.67741935484,12.3225806452,67.1612903226,1.02322580645,0.973870967742
HBU,72.1379310345,73.7931034483,45.3620689655,71.6310344828,32.5137931034,49.4068965517,1.07103448276,20.9793103448,4.10344827586,20.724137931,11.4137931034,34.5517241379,5.86206896552,12.3448275862,71.0344827586,1.01689655172,0.944827586207
CONN,65.0333333333,61.0666666667,44.4266666667,69.4866666667,34.44,50.4433333333,1.07266666667,17.9966666667,5.23333333333,16.7,8.13333333333,30.9,5.0,12.1333333333,64.4333333333,1.01366666667,0.956333333333
UIC,64.7352941176,70.2647058824,39.1058823529,73.2558823529,32.3352941176,44.6588235294,0.995588235294,15.95,2.70588235294,17.9117647059,8.97058823529,29.2647058824,6.02941176471,12.1470588235,67.2647058824,0.965,1.015
ELON,70.5757575758,70.5757575758,42.1303030303,68.4333333333,34.3181818182,48.3666666667,1.03818181818,18.1939393939,1.36363636364,20.9393939394,8.9696969697,31.5454545455,6.45454545455,11.9393939394,71.9090909091,0.977575757576,0.959696969697
FAMU,53.8,72.6,37.4766666667,65.8233333333,26.57,41.2366666667,0.906666666667,20.24,2.36666666667,17.1333333333,7.2,26.9333333333,4.96666666667,7.96666666667,65.5666666667,0.822333333333,1.08
WMU,71.6,69.4,46.7133333333,69.8933333333,37.5533333333,53.2666666667,1.13466666667,17.92,2.16666666667,18.5,8.1,29.1,6.43333333333,12.8,67.1666666667,1.066,1.007
NAVY,61.0,64.34375,44.134375,63.05,33.4375,49.36875,1.04125,18.675,3.34375,17.34375,7.84375,27.90625,5.875,13.1875,62.78125,0.974375,1.01375
HOFS,78.3939393939,69.7878787879,45.1212121212,68.7787878788,36.5242424242,52.8424242424,1.12303030303,15.5939393939,2.69696969697,18.8484848485,10.3333333333,33.696969697,7.51515151515,15.4545454545,71.0909090909,1.10606060606,0.983636363636
CINC,62.5161290323,55.2258064516,45.6870967742,66.9258064516,33.7483870968,50.8451612903,1.07709677419,20.1709677419,5.48387096774,14.6774193548,9.70967741935,31.1612903226,6.70967741935,12.0322580645,61.0322580645,1.03064516129,0.897419354839
TULS,65.1666666667,60.5333333333,42.54,63.1666666667,32.7566666667,48.05,1.02633333333,16.83,3.63333333333,16.9,9.1,33.2666666667,5.83333333333,11.1,66.2,0.986,0.881666666667
OU,72.4333333333,63.0666666667,44.1266666667,73.1333333333,35.1266666667,49.8933333333,1.07133333333,17.1766666667,5.16666666667,16.5,9.4,35.1333333333,7.06666666667,12.6666666667,70.5,1.02833333333,0.897
LOYO,62.03125,60.3125,47.090625,67.8125,39.3875,53.44375,1.1134375,20.04375,2.28125,15.25,6.375,25.8125,6.375,13.0,61.625,1.0046875,0.9275
DEP,69.5806451613,73.4193548387,43.764516129,71.3387096774,35.7322580645,51.035483871,1.0964516129,18.8838709677,3.87096774194,21.1935483871,7.70967741935,27.6774193548,6.67741935484,12.3225806452,69.3225806452,1.00580645161,1.07258064516
HP,73.2903225806,67.7741935484,47.6419354839,71.3290322581,39.2290322581,53.4516129032,1.13580645161,16.4806451613,2.93548387097,15.7419354839,8.1935483871,29.7419354839,6.45161290323,14.8387096774,67.5161290323,1.08903225806,0.930967741935
DEL,65.9666666667,72.0333333333,41.1233333333,69.0133333333,35.51,47.17,1.02033333333,17.3266666667,3.6,17.3666666667,8.6,31.6,4.26666666667,12.5,68.3333333333,0.969,1.02066666667
DEN,62.1666666667,63.0,47.9133333333,77.2933333333,37.6,56.0633333333,1.18166666667,18.3766666667,1.83333333333,20.3333333333,4.5,22.7,5.96666666667,15.2333333333,58.7666666667,1.05666666667,1.06066666667
UML,61.3793103448,66.4827586207,41.0931034483,68.5137931034,35.6620689655,48.5724137931,1.03068965517,19.4793103448,0.965517241379,18.0344827586,5.96551724138,25.4827586207,6.93103448276,11.1379310345,66.4137931034,0.92275862069,0.980344827586
FLA,63.9677419355,59.9032258065,43.8838709677,62.0064516129,32.835483871,50.2548387097,1.04903225806,18.8612903226,3.64516129032,16.7741935484,9.32258064516,30.3870967742,7.1935483871,13.1612903226,64.3870967742,1.00258064516,0.916451612903
HC,65.9666666667,67.3333333333,42.4733333333,70.44,34.6533333333,48.3433333333,1.04266666667,16.3333333333,4.8,19.4,8.56666666667,27.8333333333,7.6,11.1333333333,65.8333333333,1.001,0.993
SCL,63.34375,66.75,42.678125,73.4375,35.1875,49.4625,1.0609375,16.54375,1.84375,18.71875,8.0,27.6875,5.625,11.84375,62.34375,1.021875,1.0040625
IPFW,69.8,66.6333333333,47.24,68.6566666667,35.5066666667,54.08,1.13866666667,17.5433333333,2.86666666667,16.1,6.66666666667,29.9,5.73333333333,14.1666666667,66.3333333333,1.056,0.935333333333
OSU,67.9333333333,62.2666666667,44.53,72.58,36.08,51.44,1.11066666667,18.4233333333,4.9,19.2666666667,7.53333333333,29.7666666667,8.03333333333,11.5333333333,66.1666666667,1.03066666667,0.920666666667
WVU,74.064516129,66.4193548387,41.1,65.1129032258,32.2806451613,46.5064516129,1.00516129032,17.8193548387,2.83870967742,23.2258064516,14.5806451613,33.1612903226,11.064516129,14.3870967742,72.1935483871,1.02935483871,0.946129032258
SCU,72.2647058824,60.7647058824,44.1735294118,65.1823529412,34.4588235294,50.9647058824,1.06441176471,15.6264705882,3.08823529412,16.3529411765,11.7647058824,34.8235294118,8.02941176471,14.9411764706,66.2941176471,1.08823529412,0.845588235294
JMU,67.03125,68.15625,45.521875,69.975,36.9125,52.28125,1.1165625,19.5625,2.4375,16.1875,7.25,28.8125,6.40625,12.53125,66.03125,1.01875,1.0403125
WOFF,67.0,59.6666666667,46.2909090909,67.0,37.4909090909,52.4666666667,1.10727272727,16.6,2.36363636364,17.0606060606,7.69696969697,29.6666666667,6.66666666667,13.5151515152,63.6666666667,1.05636363636,0.884848484848
MISS,73.0967741935,67.7419354839,43.4129032258,77.3774193548,34.8483870968,49.064516129,1.07903225806,15.5838709677,3.64516129032,19.5161290323,10.064516129,33.4193548387,6.64516129032,12.935483871,69.1935483871,1.06225806452,0.986774193548
EWU,80.4838709677,73.3225806452,47.7677419355,72.364516129,40.5032258065,56.2096774194,1.18258064516,15.2741935484,5.16129032258,17.7419354839,8.87096774194,31.8387096774,6.41935483871,13.2903225806,70.0967741935,1.15129032258,0.955483870968
HOW,63.96875,62.625,43.403125,70.65625,28.9625,47.746875,1.043125,23.021875,3.9375,18.65625,9.25,31.1875,7.78125,8.53125,67.4375,0.9453125,0.86375
ARMY,72.1333333333,72.1333333333,44.21,68.55,32.7,50.6633333333,1.06733333333,17.99,3.53333333333,20.4,8.93333333333,31.1,6.4,14.5333333333,71.8666666667,1.01066666667,0.999666666667
KENN,63.34375,73.84375,40.3125,70.865625,32.41875,46.359375,0.998125,20.159375,3.4375,17.6875,8.71875,30.4375,5.40625,10.34375,68.1875,0.9259375,1.0090625
UL,68.96875,58.9375,43.14375,66.746875,30.559375,48.196875,1.0303125,17.46875,5.46875,17.59375,11.96875,36.53125,8.28125,11.59375,67.0,1.0225,0.856875
JXST,62.5483870968,68.5806451613,38.0096774194,69.1258064516,29.9451612903,43.2677419355,0.962258064516,17.8161290323,4.16129032258,19.5483870968,9.09677419355,30.3225806452,6.16129032258,11.9677419355,67.7419354839,0.921612903226,0.98
KENT,66.1935483871,63.0322580645,43.1935483871,64.8032258065,36.6709677419,50.0419354839,1.0564516129,17.7322580645,3.83870967742,18.0967741935,10.1612903226,31.8709677419,5.22580645161,10.4838709677,64.2258064516,1.03548387097,0.939677419355
UD,68.5,60.5333333333,46.59,68.6066666667,35.31,53.5233333333,1.14033333333,17.2666666667,2.63333333333,16.2666666667,5.76666666667,29.1333333333,6.56666666667,13.9666666667,65.8333333333,1.043,0.918333333333
NEB,61.3333333333,62.9666666667,41.8,70.2566666667,27.8166666667,46.8933333333,1.01533333333,18.6066666667,2.93333333333,18.7,7.5,29.7666666667,6.2,10.1,65.1666666667,0.941333333333,0.962
ALAM,62.4137931034,68.6206896552,39.5068965517,64.6862068966,28.9172413793,45.0448275862,0.97724137931,20.4689655172,2.27586206897,19.5172413793,11.2068965517,31.6551724138,5.51724137931,12.1034482759,66.2413793103,0.942068965517,1.01068965517
SUU,69.3448275862,74.0,45.6655172414,65.775862069,38.5931034483,52.5482758621,1.10551724138,18.9862068966,3.72413793103,22.4482758621,6.24137931034,28.4827586207,4.96551724138,11.8620689655,69.8965517241,0.992413793103,1.04310344828
ACU,63.7419354839,70.5161290323,41.3258064516,73.4290322581,38.3419354839,48.2677419355,1.02774193548,19.2193548387,1.22580645161,21.3225806452,7.25806451613,26.1935483871,6.54838709677,12.7096774194,67.4193548387,0.935483870968,0.986451612903
NEV,60.9333333333,66.4666666667,38.31,70.94,26.0333333333,41.6366666667,0.937333333333,20.76,4.16666666667,19.4666666667,12.8333333333,35.3,5.46666666667,9.76666666667,65.7666666667,0.928333333333,0.955666666667
FURM,63.5625,68.0625,42.3,67.853125,31.640625,48.7625,1.0553125,20.046875,2.8125,17.625,8.375,30.03125,5.625,10.375,64.96875,0.983125,1.0146875
NM,62.2413793103,59.9655172414,43.7827586207,67.3413793103,32.8620689655,48.6034482759,1.03413793103,19.1379310345,4.51724137931,17.0344827586,9.03448275862,32.3448275862,5.68965517241,12.7931034483,63.8965517241,0.97724137931,0.940689655172
ND,78.9032258065,65.2580645161,51.0225806452,72.3161290323,39.2161290323,58.6451612903,1.22580645161,13.6387096774,3.48387096774,14.0322580645,7.29032258065,30.8064516129,6.8064516129,15.1612903226,66.3548387097,1.19193548387,0.993225806452
ODU,65.8,56.6333333333,43.75,67.2566666667,33.7833333333,49.2533333333,1.04433333333,16.5666666667,3.3,17.4333333333,11.1,33.2333333333,6.36666666667,13.3666666667,62.6333333333,1.05533333333,0.903333333333
TEX,67.9677419355,60.3548387097,43.9064516129,71.5290322581,34.3161290323,49.6419354839,1.07258064516,19.2,7.93548387097,16.2580645161,10.8064516129,37.064516129,3.67741935484,12.9677419355,65.6129032258,1.03709677419,0.910967741935
GRAM,51.9285714286,72.8214285714,36.0892857143,63.3678571429,27.0392857143,39.7357142857,0.886785714286,24.2678571429,1.85714285714,18.9642857143,8.53571428571,29.3214285714,5.28571428571,7.78571428571,66.25,0.7875,1.01357142857
NU,68.4848484848,65.1212121212,48.8060606061,72.9363636364,40.1454545455,54.6787878788,1.16363636364,20.3575757576,3.78787878788,14.3939393939,7.24242424242,30.5757575758,5.33333333333,14.1515151515,65.3636363636,1.05333333333,0.995757575758
NW,63.7096774194,64.3548387097,43.4258064516,73.7516129032,35.2225806452,50.3258064516,1.07096774194,17.1483870968,3.87096774194,17.935483871,7.03225806452,29.9032258065,3.64516129032,14.4516129032,63.3548387097,1.00483870968,1.02612903226
MINN,74.064516129,67.2903225806,45.9096774194,65.7838709677,39.0483870968,52.2741935484,1.09290322581,16.6870967742,3.35483870968,18.0967741935,8.77419354839,29.9677419355,9.58064516129,15.7741935484,70.5483870968,1.04903225806,0.942580645161
CORN,62.2666666667,61.2666666667,39.3,73.49,30.9566666667,45.07,1.00766666667,17.53,4.7,19.0,6.96666666667,29.9666666667,6.23333333333,10.4,66.3,0.937666666667,0.915
BRWN,66.064516129,69.1612903226,42.335483871,69.0709677419,32.1290322581,47.764516129,1.0435483871,20.9967741935,4.45161290323,19.0322580645,9.1935483871,33.8387096774,4.45161290323,11.9032258065,68.7741935484,0.961290322581,0.957419354839
SJU,62.1,64.6333333333,41.2766666667,62.0766666667,30.36,46.2766666667,0.974333333333,18.5233333333,4.43333333333,16.7333333333,9.76666666667,32.3,6.56666666667,12.9,66.7333333333,0.934666666667,0.971333333333
GMU,64.3666666667,69.2,43.0566666667,65.8766666667,33.5566666667,46.9133333333,1.01233333333,20.85,3.9,20.5666666667,10.9333333333,33.2,5.96666666667,10.1,67.4,0.96,0.996333333333
BRY,66.3870967742,67.7419354839,42.3967741935,73.3096774194,34.0483870968,49.1903225806,1.0635483871,17.5161290323,2.48387096774,18.064516129,8.09677419355,29.1935483871,5.06451612903,12.2903225806,66.2258064516,1.00548387097,1.03838709677
MEM,65.7741935484,62.5483870968,44.1548387097,67.7903225806,33.1677419355,48.8451612903,1.03225806452,19.4419354839,6.41935483871,17.8064516129,11.5161290323,34.5161290323,6.87096774194,13.8709677419,64.9677419355,1.01612903226,0.927741935484
WIU,62.3928571429,70.8214285714,39.9892857143,70.5857142857,34.7107142857,46.1178571429,0.99,17.7928571429,2.39285714286,17.25,6.17857142857,29.8928571429,5.28571428571,11.9642857143,69.25,0.900714285714,0.975714285714
NIAG,64.2666666667,71.8,40.28,70.22,34.8633333333,46.0166666667,1.00866666667,19.7866666667,2.3,18.6333333333,9.53333333333,30.7,5.73333333333,11.2666666667,67.9666666667,0.946666666667,1.07133333333
USF,62.1612903226,68.3870967742,43.7870967742,61.3903225806,30.664516129,47.8709677419,1.00129032258,19.9548387097,4.90322580645,19.2258064516,9.03225806452,30.7419354839,5.83870967742,11.5161290323,66.6451612903,0.934193548387,0.99935483871
USD,64.7096774194,62.8709677419,42.6741935484,66.9064516129,34.9612903226,48.7129032258,1.04225806452,17.3806451613,3.83870967742,19.935483871,8.64516129032,29.9032258065,6.41935483871,12.5161290323,65.2258064516,0.992903225806,0.937096774194
USC,66.7586206897,70.8965517241,42.0724137931,62.2172413793,31.8068965517,46.5448275862,0.989310344828,19.375862069,4.20689655172,17.8965517241,10.1034482759,32.4482758621,6.55172413793,12.4137931034,71.5517241379,0.932068965517,1.00103448276
USA,69.6451612903,74.3870967742,42.5709677419,69.9580645161,34.3258064516,48.6193548387,1.05387096774,20.0935483871,3.54838709677,18.2258064516,9.35483870968,32.3225806452,4.74193548387,10.7096774194,70.9677419355,0.978709677419,1.00064516129
MSU,72.1612903226,62.935483871,47.2709677419,61.6419354839,38.6709677419,54.164516129,1.11612903226,17.2548387097,4.58064516129,18.6129032258,10.4193548387,35.5483870968,5.38709677419,17.0967741935,66.1612903226,1.0935483871,0.944838709677
MTST,63.9,71.7333333333,39.7433333333,70.2366666667,35.4633333333,47.11,1.00733333333,19.9333333333,3.03333333333,20.8,9.13333333333,30.6666666667,4.4,11.6333333333,67.4333333333,0.947,1.04266666667
UNLV,68.3548387097,64.9032258065,44.7322580645,67.4096774194,36.9129032258,51.4193548387,1.07903225806,16.8903225806,6.74193548387,16.3870967742,7.93548387097,32.7096774194,5.32258064516,13.8387096774,67.0,1.02096774194,0.937096774194
MSM,63.1,64.8333333333,40.2333333333,66.8733333333,33.0633333333,47.1166666667,1.00233333333,18.05,3.73333333333,18.3,8.96666666667,29.3,6.73333333333,11.4,65.9,0.961666666667,0.989666666667
ALST,70.9642857143,65.7857142857,43.6107142857,65.1571428571,36.7107142857,48.6964285714,1.03214285714,18.9714285714,4.03571428571,17.9285714286,10.6785714286,35.1785714286,6.14285714286,13.3928571429,71.9642857143,0.986785714286,0.867857142857
TU,64.0333333333,59.8,38.2933333333,66.18,29.69,43.6033333333,0.953666666667,14.7833333333,4.5,17.3666666667,10.7666666667,34.7,7.03333333333,12.2666666667,66.3666666667,0.967666666667,0.902333333333
DAV,80.5172413793,68.2413793103,47.7448275862,69.7413793103,39.9724137931,56.8344827586,1.17965517241,13.6551724138,2.89655172414,18.9655172414,8.72413793103,32.8620689655,5.41379310345,17.3793103448,69.1034482759,1.16724137931,0.960689655172
OHIO,67.3793103448,71.8620689655,43.2586206897,72.475862069,33.6517241379,49.7482758621,1.06172413793,18.4,4.1724137931,16.8965517241,7.62068965517,30.8275862069,5.13793103448,11.275862069,68.5172413793,0.983448275862,1.04034482759
TNT,70.5,69.8333333333,44.1466666667,67.09,31.8766666667,49.0466666667,1.04366666667,19.4733333333,3.43333333333,18.8666666667,11.7,34.0333333333,6.2,13.1666666667,69.5333333333,1.01433333333,0.983
MOST,59.7666666667,64.6,40.6866666667,74.04,30.2933333333,45.6766666667,0.996333333333,18.73,3.13333333333,17.7666666667,8.36666666667,29.1666666667,5.03333333333,11.2333333333,63.4,0.942,1.001
TROY,67.1034482759,69.4137931034,43.1724137931,66.2827586207,33.5620689655,49.3310344828,1.04965517241,20.3827586207,2.10344827586,15.724137931,9.51724137931,31.1379310345,6.65517241379,9.34482758621,68.4137931034,0.981379310345,0.96
HOU,64.7666666667,65.9333333333,39.54,67.0366666667,32.3666666667,46.79,0.999666666667,19.2566666667,3.76666666667,17.8333333333,11.5,32.9,5.83333333333,11.8333333333,66.5666666667,0.978,1.00433333333
WAKE,68.3225806452,71.8064516129,42.1483870968,63.1774193548,33.0290322581,47.8322580645,1.01322580645,18.8387096774,3.8064516129,18.1612903226,9.90322580645,34.1935483871,6.64516129032,13.8709677419,70.8064516129,0.965161290323,1.0164516129
ULL,75.935483871,69.9032258065,45.7709677419,68.9451612903,34.8419354839,51.3677419355,1.09096774194,19.635483871,3.74193548387,18.1612903226,10.935483871,36.0322580645,6.51612903226,14.0,72.0,1.0435483871,0.868387096774
ULM,64.5483870968,60.2258064516,43.3032258065,70.7387096774,30.3096774194,47.6387096774,1.01258064516,17.3193548387,4.25806451613,15.5161290323,9.41935483871,33.7096774194,5.16129032258,13.2903225806,65.6129032258,0.979677419355,0.823225806452
ICW,79.5517241379,74.5172413793,47.2068965517,73.3551724138,37.575862069,53.4137931034,1.15655172414,15.2551724138,4.41379310345,18.3448275862,8.0,31.0,7.89655172414,13.1724137931,72.1724137931,1.10310344828,0.901034482759
NEBO,76.7586206897,77.7931034483,44.8344827586,70.0724137931,33.6034482759,50.0655172414,1.07931034483,17.9206896552,3.1724137931,20.3448275862,9.65517241379,31.9310344828,8.1724137931,12.0689655172,75.3448275862,1.01965517241,1.00862068966
NCST,70.6129032258,64.9032258065,44.0548387097,68.5903225806,36.0967741935,50.0548387097,1.06290322581,15.8290322581,5.51612903226,17.8064516129,10.5161290323,34.6129032258,4.0,11.5483870968,66.9032258065,1.05193548387,0.970322580645
NKU,70.5666666667,69.3,45.94,63.68,34.6966666667,52.5166666667,1.09066666667,17.03,2.83333333333,20.4333333333,8.83333333333,31.2,5.76666666667,12.6333333333,67.1666666667,1.05066666667,0.990666666667
UTPA,62.2,70.3,42.02,68.43,30.1266666667,46.0766666667,1.00066666667,19.6633333333,3.33333333333,17.3666666667,8.16666666667,28.0,5.56666666667,13.2666666667,66.9333333333,0.926666666667,0.966
BRAD,57.0303030303,61.3939393939,37.7454545455,70.0666666667,29.7636363636,43.1181818182,0.942121212121,19.7939393939,2.81818181818,19.5454545455,10.0303030303,30.6363636364,6.87878787879,9.33333333333,63.303030303,0.902121212121,0.96303030303
SELU,68.71875,72.84375,46.396875,66.771875,31.44375,51.753125,1.085,21.628125,3.65625,18.65625,8.28125,30.375,6.25,12.21875,70.75,0.9734375,0.9665625
